РАЗМЕР СЕТКИ: 15x15
0 - не рисовать, 1 - ставить точку

СЕТКА:
      ██       
     ████      
     ████      
      ██       
      ████     
     █████     
     ████      
      ███      
               
               
               
               
               
               
               

КООРДИНАТЫ ДЛЯ РИСОВАНИЯ:
(6, 0)
(7, 0)
(5, 1)
(6, 1)
(7, 1)
(8, 1)
(5, 2)
(6, 2)
(7, 2)
(8, 2)
(6, 3)
(7, 3)
(6, 4)
(7, 4)
(8, 4)
(9, 4)
(5, 5)
(6, 5)
(7, 5)
(8, 5)
(9, 5)
(5, 6)
(6, 6)
(7, 6)
(8, 6)
(6, 7)
(7, 7)
(8, 7)
